165916 465432 147408 361549 153057 269081 15844 102504 64447 335274 148238 
383628 457597 390754 53 339919 426088 260722 140244 19751 7985 
367455 102813 309426 495937 94075 439325 346431 7364 213270 286245 
373684 200714 6600 357474 314661 470577 387492 9187 86558 249877 
7873 111033 321226 452456 407711 46633 425404 305753 460968 302300 
335697 58176 374518 201977 173003 89029 145695 469003 234959 174237 
42138 32269 260807 340967 181590 68996 167619 169593 497206 100966 
263956 443426 153566 7429 458505 302059 229794 400750 72413 210555 
437520 266383 241315 272648 402285 5571 395118 467785 432540 125494 
116917 294468 219575 346172 32160 57383 388845 278668 206375 395927 
9505 355304 60481 72058 326957 147164 230332 415478 266888 164644 
197555 328272 123066 134012 120671 154604 399918 50734 121164 284567 
134110 377684 62087 361868 28004 214488 497578 358611 252927 73842 
253382 155877 233600 290880 46240 150110 152750 81434 26957 408171 
345090 198622 116030 79397 69755 420536 227074 273170 22434 265517 
439375 336049 174359 4685 209069 203831 366304 244439 224539 11040 
355104 29659 484934 67396 295964 379451 7524 172680 69910 430865 
456499 453628 366003 455840 428987 172272 449993 263327 449609 278311 
371976 136909 226477 149927 103992 51700 126014 46001 64032 371351 
425645 493449 123156 497212 441335 34242 356064 94503 107757 9452 
113865 493843 415006 219897 479070 26915 415291 201446 145095 303724 
412319 262777 292207 478777 338487 281644 210368 375474 457301 125550 
15093 476873 14803 258814 38399 288026 168695 244963 476945 175062 
268348 233286 303245 110328 207237 254369 101878 145083 489238 16050 
112048 107031 453503 358124 418458 276740 272524 354886 316550 200614 
177153 75204 477216 457172 2132 266071 469666 370292 52546 137741 
344862 225565 310749 280252 422169 220012 77318 442827 265409 367125 
9839 439889 421185 146531 359499 36639 162578 368551 8765 392408 
238619 269839 292779 401346 322401 312134 160962 419363 87325 144791 
407458 223282 102826 165336 487280 352771 344795 432953 39365 62750 
367834 257085 311968 213710 402708 212825 330016 435727 152529 176985 
300171 427314 341411 352222 165927 441643 474292 439063 169053 17278 
209747 479599 440009 304064 172187 126193 108495 498359 407184 205337 
268343 404386 420323 416968 329978 116483 141166 132305 387012 264114 
56089 385726 366138 13591 430093 194917 147943 338230 64182 228218 
165643 281269 420206 233340 43172 278990 444984 232575 329865 490217 
47937 200586 233138 319273 393355 468988 408250 161690 264408 55992 
95828 292255 233979 192235 39987 252846 467722 130479 340838 410122 
201 435765 171177 337389 431883 304782 246327 499285 203049 212451 
116754 118983 75830 148340 125153 158565 322734 165962 459769 425020 
5506 238904 12472 75783 81541 407048 192860 247431 480074 82953 
269086 495858 52598 159286 5820 421301 119307 242833 3081 438558 
292623 254678 309301 270815 79337 221452 135126 206567 199202 470484 
215597 487281 293907 187172 234796 138418 129828 478071 383379 309470 
199074 491192 298559 273719 128286 437307 20917 134349 23334 346069 
408723 105738 371990 496965 409062 429716 309511 262071 127351 149607 
341217 12399 98515 191562 390188 130764 112847 247742 274486 190046 
190210 64662 34571 128467 33114 227525 247306 277631 159488 126823 
167176 127281 387708 477847 293194 389447 239949 179217 349605 281370 
148091 182618 51136 479143 374861 46113 320490 233504 253812 393124 
111938 298945 101622 143618 20698 108266 342195 394323 317808 411581 
377177 47570 151797 467417 397885 154105 193372 186174 287388 140057 
352136 238970 222644 8964 14038 204349 34988 293449 18725 23700 
341899 431642 292007 257090 497883 126049 247578 61553 95706 246691 
91626 362838 57505 206063 330967 158596 321792 453865 78361 494899 
437185 140791 76159 284763 281895 497758 376469 210075 307746 321384 
99371 134409 235675 165396 283980 210046 275722 342586 207590 334433 
153155 120010 315342 167889 497011 211566 217565 76630 368529 47921 
427991 444073 23670 194189 145647 220082 269588 477664 123880 177817 
3357 94234 299838 78644 79171 376917 29645 326343 133209 265376 
79009 475806 425818 195499 458783 121372 176542 106396 2945 207986 
224564 2632 124717 475371 147667 74190 283151 10091 353037 460380 
419803 170652 55056 69466 421422 211777 134585 479003 312709 23768 
353590 18830 429163 145835 352473 336606 20289 385177 185941 137242 
258086 257086 430244 248538 409884 45533 426895 187819 422523 477622 
218810 414720 177668 361641 328111 181489 298405 236093 194529 156008 
185944 173815 191052 358548 388009 251060 496008 202751 42174 419479 
451869 254296 80354 35133 93466 232256 316064 333137 15628 36396 
137519 314023 282291 332530 152718 131148 224378 115028 290432 323249 
208964 496170 410941 45735 214910 464056 56157 476721 44476 48241 
345656 83011 392481 228713 263269 318026 97144 243303 60401 470341 
79543 433410 256595 208706 426848 452300 52914 147765 456306 470566 
64631 278954 421401 236843 252944 227669 23122 293850 380262 499714 
259695 28484 294008 204020 71399 154263 100043 212363 183878 196822 
368800 109029 113348 395463 45606 29436 426079 98724 408357 221984 
351597 69880 124119 321614 375439 390353 304775 12243 427795 304225 
12069 230057 267868 4758 327851 479177 314824 150567 371895 136880 
245103 491275 415835 25395 457334 286248 376157 126346 10873 317859 
300329 699 242075 213777 176016 460252 438030 87492 306215 431226 
300543 251266 379673 289737 489669 131964 131885 31745 467872 126728 
58942 354910 193155 279538 40155 170551 476074 345312 327670 230586 
38793 205315 94811 327260 80018 262491 259730 51247 99939 441208 
65094 394915 4826 387592 240332 261843 160067 435629 8528 354628 
44675 257022 144432 311492 187850 274066 7216 214535 11090 97938 
250560 205692 417657 34758 80050 162767 29729 329813 456412 247010 
177764 327872 384164 478130 376658 7430 297466 199882 42581 489818 
187382 1613 14237 216163 66797 345682 483233 77317 445119 361880 
77280 39607 200368 311754 91284 483952 40759 258981 1263 443746 
299925 386792 460099 320604 476776 402856 437825 422489 451689 287573 
390272 246260 16557 477570 333437 98186 448474 177641 117505 330919 
397753 484779 238564 260721 121597 7155 197022 89895 230713 468750 
142303 15667 209459 372733 28345 271702 212144 112673 130282 287804 
217897 333519 145156 414866 401367 66660 490706 213674 73683 298317 
166564 266119 13484 242965 388943 345300 265043 164953 404321 362279 
484199 309732 376486 303043 252881 253380 414820 203031 258547 424346 
270401 368162 15418 195197 307998 385639 345470 298312 449479 13120 
170385 183418 292999 142315 150952 481998 368052 29755 166102 335109 
389901 79356 168463 431 101360 310968 401765 334512 184023 204707 
150807 94322 452249 93695 327655 25649 470733 138752 484314 461435 
82007 482662 447765 195883 214518 167997 433269 77974 472735 
