123824 402798 498535 96913 162709 76597 482510 251231 349885 215527 30178 
236927 32509 105390 48991 368455 309770 163381 91301 493285 105855 
88816 280265 274545 297588 188470 389506 484786 196040 468198 204247 
496411 73726 199360 130384 249212 258625 165639 296613 356548 399495 
314126 335438 113793 259020 116953 211178 234814 191212 385958 229368 
43806 402549 358165 265265 318927 29054 263386 410639 372976 487589 
428348 94068 218907 213352 352984 172730 339321 96738 264585 359915 
294024 330204 279159 33201 311054 280193 250122 286502 427086 424167 
470325 165490 179541 442168 35845 49351 354682 115672 170777 54178 
24021 460032 397964 317042 468151 122813 247651 270345 138847 216566 
225027 304838 56091 92471 159987 196911 278504 327880 474812 475866 
41737 373590 176259 368945 152296 297461 284651 256028 215240 98082 
418849 402403 463802 188428 482777 394197 115150 477084 141019 308454 
124133 257297 61338 23320 126672 300417 232129 442763 31914 194549 
131478 476292 79881 173121 256643 389144 350187 215061 271962 277747 
470243 154637 429201 449075 298802 422774 397107 456233 315459 259027 
397943 232053 223369 366589 477953 445772 85495 416971 316698 222313 
144126 188097 201702 143748 286722 339765 292159 163303 407286 255319 
373424 452829 344846 134867 405408 406492 91830 86273 452769 211584 
403376 49709 458779 345213 224456 394728 36959 240477 102769 237221 
55673 25783 428427 91556 387887 300890 109941 259354 462705 311297 
289245 341584 119783 154465 148408 258751 224281 264372 228993 25637 
27927 139099 262549 111593 83350 231008 286557 467668 93991 347149 
334741 328229 373405 221322 224688 341055 465632 403019 214078 492014 
369871 233773 12231 38909 357040 224178 352595 408020 416185 107789 
65800 32137 188870 180670 341664 303331 251884 405870 59522 27112 
134048 310275 327162 495730 295682 493686 245935 461584 124086 369948 
356503 18346 426376 353000 250234 327084 81015 214516 10285 121859 
85040 80444 482304 292639 274064 440223 121333 175725 175987 364955 
18111 479218 422297 108990 306571 195741 291095 11211 190786 144977 
496728 341334 64648 318272 96570 449042 267427 371967 421835 332416 
213450 130367 30427 371094 464726 175363 305749 287433 435139 280007 
130935 328556 201323 207487 82012 84150 364685 13987 40685 252549 
183712 222546 178001 156110 306668 21688 483737 84116 149740 194751 
190389 434184 374514 431549 285529 372032 316276 193088 472446 479856 
247639 158306 446604 281940 187577 369816 21432 178170 195361 177758 
312946 265756 390831 173484 52683 415190 275973 125363 274906 109927 
221029 388327 259086 232501 325097 459637 488017 475974 493220 322163 
305184 337078 66355 407687 181979 122277 434722 190977 405702 482601 
201051 137118 473646 293652 412231 42708 294068 477209 280356 443305 
318192 473294 77015 92554 340001 495859 41526 359472 374473 177188 
462367 143658 186578 237787 225675 234923 78501 129523 309498 8991 
383498 99093 448598 454914 432303 141401 7499 290984 62615 166903 
300189 53260 87598 75124 21481 168195 17831 304175 103261 169038 
122395 154436 483012 128828 388114 203881 417360 197032 62481 290603 
222464 334629 95587 353969 410501 125820 414181 206693 120032 67771 
265835 468337 223658 167114 168351 147376 277107 104657 454029 55430 
196316 67031 481271 338519 437331 471145 209520 425710 68582 164186 
356898 38479 244462 192055 120962 351025 254922 162013 119867 231074 
32942 105047 202903 492900 57250 461010 105111 337385 193994 112064 
346671 182014 427424 453809 199757 318820 302425 92076 262380 99663 
98797 244403 354357 39296 453096 162862 223494 487637 324246 306181 
230450 466345 237409 37850 452350 18686 258605 345997 268412 226619 
365008 39438 104537 295148 493532 219739 347902 111079 406272 486239 
45422 16392 129794 156973 253627 107174 149195 77090 304877 45355 
67569 298811 477121 356694 18326 190945 195374 455369 268208 66466 
361614 221096 124884 87736 332034 314260 264419 314473 348216 482230 
84959 339831 137262 269688 268920 484250 127251 463502 408991 397127 
108897 101247 206051 460557 69690 315567 378307 405595 235805 211171 
187181 82886 376552 29402 446144 356783 409926 476219 459409 315542 
21581 110204 191654 292245 319319 366420 344660 236774 133870 179672 
237755 334082 387317 224319 234324 88015 142421 422063 400026 316274 
176592 426142 379809 450886 209013 249248 490098 42556 372108 40431 
194944 463732 112036 95677 366073 72354 204058 385785 329617 183629 
21845 100652 197181 452972 329095 3140 217264 101531 228790 207080 
406158 229601 270668 143412 70972 351249 266594 60260 291358 161157 
173434 188099 381906 113393 250313 244938 69688 374281 485761 419814 
445940 206525 374637 43547 277914 382903 16028 351437 260494 440609 
362469 401336 367320 328905 183240 231222 208135 39388 332583 175917 
460927 3719 121121 65818 494737 124019 262562 40306 154114 143962 
172423 223534 439339 144195 371959 187540 226119 81293 261863 92427 
173548 21926 126519 466286 251718 463812 395079 168530 309818 442677 
201454 346264 448692 65077 497072 479706 2087 423259 258699 226002 
237247 230462 185335 326454 34487 420126 217982 227621 400228 148860 
145543 41277 131438 373271 404243 205875 26267 424295 87048 327774 
253164 359646 58562 381649 491956 205786 115426 196000 243264 213036 
351548 392101 369344 52318 253189 427226 285633 283080 185410 204806 
454237 220214 27757 313609 321469 288923 134325 286900 243227 145071 
107957 244187 233304 79382 136243 340364 474676 121234 54772 319592 
409493 10910 265448 302145 323850 370621 33416 242457 273798 67470 
411773 412579 298757 382851 148522 483895 369881 167445 30210 265800 
299510 283461 72530 135124 151387 467917 390755 50990 242989 195445 
479020 280326 407434 227869 221796 270764 1738 274814 481190 90742 
497324 39473 430626 143048 85309 226111 63598 442020 384819 4478 
299322 262880 110774 177217 29138 271886 228067 367346 358929 331674 
183185 236490 476709 230242 342377 406335 38084 56257 298034 71877 
429864 85171 16477 428654 159167 451394 419766 142461 220186 157321 
409088 369932 178403 80412 471447 219696 235008 402671 171804 477908 
484579 182151 95026 258014 101110 83100 367327 410140 369132 163609 
57742 34792 462339 267650 481983 45929 89954 448788 119158 266955 
207816 480831 272948 38840 143180 321922 268900 296636 479353 428026 
395454 399360 224941 127531 196116 6171 451975 63630 221170 126949 
367427 94158 276297 319968 191089 179080 270213 426936 17632 402152 
396635 416635 55351 324385 452880 383848 200948 213674 188049 200741 
167333 179776 192769 175220 392403 283169 247376 359144 132913 21946 
10372 373284 366576 144731 149127 308432 259574 148702 276613 39373 
18706 268806 203986 8567 47416 121951 193605 439767 22198 3616 
36813 283639 229424 427425 157258 355302 16503 115723 460007 324676 
403692 283768 131596 466801 384223 385896 132748 400391 185483 255793 
220305 456848 181625 457069 190653 322632 69667 281215 242705 75820 
374581 257408 30460 75605 62251 491099 308763 397869 154875 444356 
181182 128800 35015 222592 452876 487089 26773 124212 248143 9851 
149156 496079 128545 449597 286893 448358 366413 200012 276408 281127 
79899 377419 109209 233967 271913 366834 47684 250311 205382 176314 
272726 487653 396706 145618 121723 235499 202447 213560 152761 311598 
15075 450187 466639 321640 13628 54769 394968 198654 256140 93332 
134705 436195 162754 240051 215469 53412 305360 424003 499574 31681 
29668 292666 272141 224144 223314 450218 382509 210719 51213 183230 
488824 226787 313617 383226 95529 317025 22355 166367 44271 244430 
95794 423235 190818 163324 483395 156028 376613 126223 294122 71695 
297617 253006 101845 481511 145937 460389 247757 17814 493643 57906 
491929 445468 61455 242609 395339 65100 463968 308211 139529 460607 
320845 235095 132912 290648 42687 351471 298017 499820 22543 349363 
435539 375015 207105 55980 9949 470593 210699 426101 58051 336320 
365979 429960 244614 105993 139133 259418 90624 249835 211845 8561 
186409 309210 78608 295180 381411 52460 425504 146422 175080 384116 
221771 939 235369 335920 357648 322093 482902 48519 123879 236415 
490295 311109 79871 471880 100611 314355 192678 8701 219862 187504 
318563 205250 188818 320703 295138 374744 11443 494973 381606 427154 
259310 262491 473645 96335 158102 249198 354732 191806 460878 129643 
301050 61676 116566 67573 311125 334025 95348 166140 89494 497396 
60562 430808 462574 213327 98962 233989 345762 234769 175918 485523 
356979 101018 252217 488460 292687 253570 22356 18416 51392 251058 
158149 154878 476716 397360 202280 351581 110993 339211 50930 146175 
379350 178687 475394 321057 144056 406658 332877 104120 150262 221814 
362231 247715 92277 482743 258460 430171 487089 336047 208400 422840 
207160 113800 496694 48617 365423 472369 97950 253277 343031 130959 
259592 491870 445928 472103 18819 488348 37263 36302 183913 201504 
467106 48883 259349 141179 275262 458208 232218 240510 46204 52315 
55269 316015 35650 315479 103326 251633 432727 424534 308478 392270 
298365 153768 498166 104985 315730 385154 231279 78511 448427 451388 
56003 422294 405518 436640 337596 473843 488149 318379 475828 281360 
437379 127169 452928 156559 229189 499351 376050 418062 315498 246993 
374261 220939 345902 209133 311492 441791 317279 365714 7245 39322 
193596 404335 260985 210769 91064 388494 209781 376559 52999 475939 
217034 13890 427744 162950 198418 437347 435585 212413 359512 310179 
482265 274555 162439 151612 276239 95728 381188 102193 353298 127744 
80531 372449 489196 1766 8147 205014 356086 147945 295719 272344 
114797 362339 134351 231989 129032 313554 455312 233359 367919 343935 
36297 456775 316788 79094 69070 361440 204849 434667 16113 62563 
453647 269574 27243 43690 375962 465174 87118 360217 430161 498758 
322142 401646 290212 272862 133176 12838 176189 355983 93471 16892 
127215 222920 145446 454475 414131 34934 423833 37757 161413 241152 
87316 350457 288649 73223 166718 204246 223214 215491 206847 432982 
173254 453497 293825 332641 432322 282503 443722 419188 24423 365844 
137034 317278 451703 420294 395079 479558 330363 456420 285060 59174 
52610 284668 213990 263079 24841 399591 41712 428320 330142 347066 
192736 89932 339713 399756 80971 303174 366773 256938 342578 387028 
44034 325714 271165 73348 475011 87019 270125 194208 287364 400540 
40457 493883 363260 25212 110814 418687 193861 44393 261499 245123 
276905 130351 496626 443553 406359 307824 130940 405428 364897 426410 
292686 420517 200952 200058 105072 427253 493458 94100 344467 126557 
487139 329991 483944 151781 330413 275003 457800 229051 298451 476657 
284672 255883 152698 34990 226424 434707 286231 312051 60996 94694 
247441 450569 220320 206400 413388 203313 308740 336648 389836 488683 
105575 23706 400408 484147 220399 468902 155838 136314 183298 100998 
23711 171463 475181 212924 488570 481232 136049 333343 73024 45015 
45315 83377 105840 433020 385225 91483 81186 75296 147491 246024 
431176 393534 165823 168997 479313 105901 498862 149666 288134 66498 
274103 433279 122242 92041 180203 113519 211090 166307 185326 165536 
421521 61606 39354 279077 491320 475256 108184 319672 97970 475525 
153360 183686 280603 169780 194306 366765 227956 109475 213560 309666 
457858 228940 378375 424114 205805 129653 474277 493660 432655 173979 
425044 188333 113863 36870 104902 134977 414172 457822 313429 27252 
174986 74764 275672 254664 112436 184615 313557 231146 48093 105469 
124859 271537 260155 301041 350012 97994 278795 466166 127603 162552 
320916 124946 445798 227117 25151 196321 446764 239244 404120 101629 
474124 319360 51738 436205 425955 332029 122227 396815 234409 111898 
8746 160189 2603 356860 39162 2601 239960 131299 149215 492068 
309516 439771 196559 94177 110211 284541 100739 381176 150097 133003 
196684 387781 345214 11218 395649 136085 111879 78025 459451 390890 
439635 160327 442354 385556 271688 497314 448573 20405 372814 5914 
39347 469179 50728 456709 353977 17933 342932 333579 49958 249094 
342691 394532 370377 480008 460669 301447 378508 170917 4274 397788 
155710 451012 42952 140208 287630 498224 97288 359223 485676 32856 
118117 439443 316070 407474 422522 248290 281012 135645 323642 397777 
36842 284421 95349 419393 246256 472938 130183 227673 239873 321860 
308474 292374 135983 44865 164406 280309 466846 261877 274511 112162 
166250 303034 262974 417514 312828 325971 219175 180558 48886 357044 
133704 425631 417287 489701 215921 419633 110842 165538 205164 102354 
320841 250455 106605 87213 455437 439638 117164 5160 108183 234916 
202410 327228 463551 101895 471976 498872 361692 229495 367663 122575 
184655 481149 196126 369636 69324 258210 310216 272216 106299 100984 
270029 198776 148169 77015 113943 335906 41995 90033 193184 326894 
220711 231300 222517 37458 493070 190900 220809 256102 38211 979 
283289 280024 84737 345345 69652 313179 446161 454997 170484 201970 
148292 292823 488564 454210 61045 230605 167645 158704 333840 148103 
347114 57152 391537 51126 120124 243591 426993 193988 468021 301021 
38978 252917 193136 477358 385491 181031 335860 16428 326963 213215 
154709 14165 149099 222133 445776 182249 100672 2676 115891 272218 
499970 284893 22066 433776 48350 132404 165090 56532 225196 259332 
358894 46044 479543 134613 298226 212191 376522 261978 444069 392010 
30562 437476 343201 199451 262470 20516 242727 430766 257074 345990 
474938 212642 331587 445927 440523 171646 42282 39784 321733 30902 
19913 335612 131036 186446 348951 347946 210024 199461 377114 287519 
183195 6559 466665 117421 93190 92674 95001 448872 144446 111243 
96210 342121 209941 422396 156835 464262 343462 178620 311181 70359 
354689 23324 497204 375469 125015 266067 142687 337774 86317 266872 
122118 375177 440195 113439 266857 284792 343746 385161 28345 496079 
453389 475489 50350 211942 148413 103973 363268 373772 37708 195565 
95057 156024 479844 172844 440409 155685 331886 289159 367763 212917 
108930 461319 82291 430758 169289 48137 147946 460636 343069 37528 
164140 126927 148501 266263 183844 417274 157131 40802 372615 452578 
445548 375140 239644 491756 266918 328127 355865 186598 303079 492400 
18244 394878 251757 499541 395736 454435 59673 385875 308934 264940 
311897 156427 372385 80003 361522 7409 36784 483474 240787 495944 
424810 11803 279058 252742 423700 326513 96382 66006 466667 94043 
332622 26493 28214 197245 73230 337074 112332 117236 395345 406609 
386708 82450 395142 99298 435899 167329 312763 206506 159565 197825 
478220 62174 475685 62507 473089 319215 245364 301268 140055 399948 
499385 231913 307 38801 354872 418749 284372 380470 437132 423750 
414773 435772 48791 83740 373376 88088 279740 386619 32077 479910 
470459 12297 472256 447547 39367 447150 189106 278540 301555 331926 
375583 63822 144907 396650 70209 169522 154359 313210 357134 413532 
204174 156405 16499 128775 323710 435369 291929 117285 119304 138949 
489199 11745 379141 82156 177454 39689 422644 42093 810 51378 
410483 368470 268373 368120 385662 304694 499938 360351 368694 197228 
248290 345788 432852 100665 33691 122841 488746 195712 155675 451828 
459051 456883 22389 476201 448032 340896 453516 66157 335968 63869 
41600 334173 462640 361502 129983 499835 376151 490975 180436 447072 
400328 420451 184054 2444 58447 224675 39996 82104 472694 495435 
425905 233802 342805 314827 460371 267429 160249 43461 171476 136364 
281010 248569 285610 170570 399869 364033 155960 22551 371199 318736 
425859 355307 13377 367213 461281 331932 93354 2409 292032 288350 
115214 355032 434962 66233 161621 296150 465786 339047 167207 311182 
308112 499659 104089 138592 8350 5141 444192 327158 131839 431943 
172671 258382 267458 373396 340073 349785 427184 362942 322866 235514 
266688 321068 491570 408739 8154 185191 102505 300608 232472 52700 
326530 495707 242793 406693 361302 343525 21178 99889 476103 443316 
385269 382385 411941 304038 463516 261775 471788 55253 424455 214040 
496933 254074 399009 134970 295903 450446 226641 313685 319435 299324 
296887 334869 457400 57546 413064 136759 84236 480412 225359 355034 
406834 326152 203908 353407 458215 429075 233558 433739 243092 63930 
190921 458597 358925 258532 155571 60542 869 232524 353445 172456 
375242 91626 291786 130231 370011 436294 306985 397235 366936 209738 
197868 164348 415359 157440 390814 225444 499886 63278 229221 47564 
101114 459710 270165 31413 489189 428343 424250 215770 5533 261228 
152664 96615 224831 330768 118007 375560 202101 356381 499776 468194 
214654 18031 141216 417139 67499 40003 490864 473671 77775 322004 
265284 434011 483579 303130 473274 465171 304153 51142 424235 462417 
160401 23967 360368 499592 374699 457339 242196 283145 171870 89205 
170880 298573 75104 390932 70576 312443 164846 410887 423901 368676 
153494 128161 12123 345657 346176 107739 48530 494270 144683 310114 
21158 362952 181206 259130 440334 193160 276455 351658 238622 174771 
358131 412786 101332 56204 378244 127011 397218 141515 450580 344889 
199125 106636 403082 414803 419967 495580 272729 110376 417659 226648 
291107 422587 92698 327339 67459 255478 216202 476635 22184 332006 
227861 477174 61511 444763 435070 380626 213260 12172 406674 107158 
392263 123484 137849 329231 255774 104601 277873 38974 371887 162550 
79381 250800 455664 449763 309047 499663 375620 162399 215288 456968 
408008 471356 298625 158778 49448 168589 256811 182524 273559 203524 
51128 73634 414659 51015 299009 33863 443824 32524 82106 448621 
479849 176417 72659 244515 64491 365266 399017 60408 441288 382508 
151771 354392 377939 335655 144720 242597 296083 162994 185827 304914 
390654 337130 79020 379880 48465 480097 442901 488261 199146 180466 
409564 460656 67961 166191 247405 211891 88904 392756 309556 365456 
176373 59963 342481 60608 333151 474998 440277 185595 130004 474582 
224927 26349 345744 112914 116054 452980 64202 311301 239866 433227 
149565 371268 236547 208669 187568 86248 384375 224274 359272 66596 
260251 113797 46252 295686 489682 150677 439818 9164 43607 416322 
212231 388543 30358 292463 234480 154155 437012 32372 34804 47637 
460632 424602 315198 379842 178422 145817 134403 455778 2001 108375 
173894 299457 238300 164869 359970 3874 481491 383100 314114 228141 
194925 278696 298629 41338 11206 28341 262484 187814 188850 132744 
430838 317893 336530 204108 478337 418445 57342 159580 218884 320175 
154171 261033 400647 79186 305348 98653 242831 221110 416318 348999 
189148 194065 24438 44939 354710 417658 213147 212795 186517 441996 
137192 372375 230376 428807 361829 337799 427648 344229 288051 64072 
35800 292907 158702 265663 127887 115150 106765 150056 272988 451269 
337456 154464 297611 429638 388082 376613 190654 365874 50190 389727 
406223 372027 241427 446420 211920 319954 167233 457937 310615 388156 
2804 161093 465591 290953 57553 493918 405144 378274 104903 113167 
419741 494251 41834 274218 113709 200449 82860 389221 179577 150715 
77180 399269 219528 297576 431145 433808 207609 167975 17358 136764 
183929 16161 170244 286667 142057 313753 320054 31415 107440 158715 
120752 282378 105649 356447 366893 28339 78249 153870 399973 458241 
213690 306183 228879 347820 89400 442480 252653 259697 322899 322278 
140019 122034 451169 425508 38359 8403 133689 409465 215678 216869 
167749 283830 363663 57361 240442 365501 388364 65074 74232 237665 
250504 275045 274879 235542 70103 326998 394317 362940 270570 217781 
61650 425790 286292 340242 211204 156451 498880 331262 175931 136396 
1482 349614 66089 473875 197830 43418 299075 372621 215490 97142 
8330 280797 269531 399500 63848 82499 49740 208682 160374 47406 
174392 102104 470821 340222 125726 465912 264932 491409 451402 33688 
453128 66462 329291 188846 104073 68733 304581 114139 261191 256742 
416694 224229 286522 260837 149622 370739 49157 339531 176624 57123 
8521 392868 267425 143952 332615 284683 87107 303490 223573 235877 
469331 488376 262491 422005 299811 479484 262067 390224 414531 15455 
31037 118778 39074 197677 209868 217911 164449 493759 117761 485914 
456180 111924 151449 42215 248502 360831 393370 197051 440261 450903 
99279 101788 433401 99511 17672 154843 264321 289077 372138 167974 
375241 391077 81124 19778 399985 301810 209794 214337 284044 391468 
26489 96023 160470 378341 415990 160273 43736 22038 77826 133368 
111663 66088 331867 246955 104106 446423 112644 474410 148018 295843 
198253 318641 98841 122551 84404 23219 171148 400190 53007 446331 
189341 37657 9810 361283 117289 56727 107899 35149 378277 105698 
327372 133400 433470 439507 374265 66584 96685 153395 32957 309391 
47811 201260 496098 185972 318629 338683 458815 254368 376571 73639 
157908 302059 203560 106626 156431 267994 284276 332244 172654 446324 
278707 104744 171532 280852 456239 192751 184096 494126 351511 254833 
308277 423947 317701 291796 169593 225148 47259 143901 420712 428528 
125994 448373 105674 4335 105109 55238 461784 76242 385751 110861 
458746 379181 80432 497920 231640 416413 30430 103188 320977 316134 
357025 238931 315659 333740 211631 496416 330833 416104 405753 158228 
351136 1295 437879 127709 365217 24697 287091 208895 390094 232521 
163087 376728 210330 313039 206754 293764 466015 34981 35182 357361 
395661 359373 472386 96778 83284 119542 469498 372888 461423 256591 
11507 444931 282252 206152 340668 204836 479487 380917 220352 479438 
420221 348648 214931 414769 244406 350625 496380 350918 174486 343203 
259679 215814 371535 196768 377494 228054 130430 81093 208330 257789 
110125 439039 418591 309267 98910 268623 313863 97248 311604 282024 
128616 401183 348328 382567 346676 148761 204734 197414 113245 383544 
191948 53584 208788 108049 111962 53481 192735 490040 159421 434730 
70914 69576 368708 95218 410212 192270 474599 216818 380988 26091 
222753 410629 307396 196541 87149 87706 161828 439213 398082 278203 
369133 161393 174677 240435 276266 346548 379330 274955 184506 369714 
53940 478022 43507 60157 367884 149523 82300 253827 365280 312067 
83063 256032 404665 355346 25641 443537 133944 107558 293836 52440 
413486 452601 383764 259433 489494 195890 396701 91396 145352 71250 
484766 353905 476883 138845 129147 220650 245696 144019 94911 181105 
263654 240031 175321 50412 91394 62759 78858 102183 360982 121132 
410990 98146 148230 414722 244550 447257 292687 307850 315509 190056 
392884 243068 9866 457152 366420 256925 490717 482968 417703 299466 
215609 199417 375795 476190 470627 137930 63001 402619 211912 75126 
86717 236168 294939 101712 367593 50986 462095 2803 147831 462839 
51613 451787 10217 322183 66289 429554 187251 39726 137237 278492 
102110 124577 249460 413000 125361 68522 135902 67037 253636 310178 
333400 234242 249871 56379 433457 5832 459657 415757 424073 220061 
288026 265486 496250 142064 147204 385764 252971 254311 361859 247241 
296535 294371 56413 373577 349755 316877 23948 193492 137291 196551 
164470 375293 91255 475387 323914 387955 361658 474474 401063 404291 
399006 441336 246440 198550 132539 171429 123955 141622 296748 462531 
432562 287578 94140 302667 493532 12637 18223 386045 182168 15171 
399748 63560 292396 224140 388406 85771 242254 461084 136665 471819 
471631 219004 108300 2499 10627 20426 48977 313762 291720 328916 
300255 297835 302352 79717 201586 462979 378443 362544 356180 60806 
182604 355406 423276 422733 41488 472451 131980 486066 387811 389903 
405524 26138 409579 310879 489146 66063 87611 107940 135735 208458 
93110 417323 99224 160118 232949 33338 239987 439187 490124 211365 
263869 56001 261169 147395 326266 466347 194160 475711 220126 448099 
472010 242952 93618 52828 185081 125868 484465 415997 183981 748 
283948 287552 243080 125984 167985 46223 386337 95687 139665 131918 
373869 162378 367571 215256 429831 302093 488744 155420 101443 428326 
102613 150326 179782 165527 299715 10579 179951 487388 392735 278157 
259917 433232 152881 187889 31607 66903 448398 26920 155445 435725 
177485 329524 310566 172002 496231 69447 307679 254098 168804 266273 
339929 319911 43973 427886 132549 196470 275649 405607 63467 331537 
99744 300642 190117 253894 172385 488625 49654 24070 444797 493688 
5174 342959 88893 211405 119195 491085 123719 110166 192913 331410 
130061 228510 195191 192134 61008 20854 373710 377526 385496 232376 
451956 390323 319652 258467 328509 457909 19692 88621 330431 279705 
249223 269705 276894 386420 183509 123562 180224 194952 373078 145423 
209245 103587 15146 280337 74966 285844 116758 116236 276030 395359 
376816 69702 320873 374002 338731 1514 160269 15591 148901 87505 
439141 216475 75663 451634 125100 240644 155986 214424 388492 67223 
426801 29574 395683 25494 257951 254552 362397 265783 2511 34591 
244500 33161 200237 447811 140493 196288 222305 332967 394362 246891 
278695 430558 37390 415620 77009 468934 125872 17083 275951 493337 
267120 356459 8905 64749 169852 434726 85373 380587 436093 406845 
117016 217539 486814 75283 217324 351725 414946 115079 491857 498791 
5539 306312 355697 65256 408095 131643 121375 398290 156529 44592 
302661 228715 440842 254399 97435 60142 336263 490414 85985 414309 
362624 391417 190457 323921 489506 399347 13518 197414 383008 343082 
110831 356129 1348 85215 207932 356855 122333 309505 293845 68527 
414688 476611 16446 11419 231742 43675 247931 86929 412218 339614 
57829 456596 313730 353800 478833 207070 154990 114872 426384 49697 
171077 68141 422493 225670 292313 235366 59029 362076 145729 222205 
377221 37146 439542 378064 71064 455970 310397 453643 28605 471687 
224041 490524 292026 262980 415803 62849 186272 81830 212207 235745 
391164 110462 338148 372492 241225 407928 68197 187058 94934 211050 
309669 161911 337050 153830 366060 392098 117893 14166 225335 385504 
72350 429757 372716 306318 492208 50060 468756 419982 273405 75638 
70214 238418 184741 488611 332237 307295 93210 88477 110064 59991 
494831 356696 140965 114535 60920 302297 24813 100228 145639 149318 
214255 156028 418160 35343 368581 448734 319859 21505 439961 280859 
219232 364176 15890 145867 460394 66461 356206 499584 459521 488912 
95949 283177 105818 484557 314107 259067 299289 225838 389367 391041 
166596 223919 304181 82982 95265 461441 473559 376255 53245 460226 
209322 146486 480975 427272 219919 346741 437544 144075 452761 34369 
278554 372533 99944 353096 456613 285101 444826 332334 332720 420247 
141381 181366 312760 312520 384207 215931 408804 31165 273835 128193 
247217 248535 364531 97459 440080 439999 28133 33484 177315 231844 
188307 27029 93967 22912 472914 492579 175535 142516 231523 242170 
191412 304614 171017 129857 115219 97494 56720 465185 371494 3330 
35203 441670 134709 17414 108797 293207 469543 62371 349134 443638 
93831 19834 414621 147641 206861 314503 299542 33546 154576 375372 
260831 172876 427398 38270 294593 427301 252512 151855 483824 290464 
443343 452291 379157 256366 178688 436011 238551 415487 398620 358549 
94999 155470 84257 318304 429238 143191 114105 307811 148837 436644 
44966 34062 448859 276373 323148 236707 466510 307884 243866 41276 
166046 437735 455320 390467 374590 152101 281503 343339 353352 8389 
139185 307970 87700 356877 92134 445306 354473 12175 472303 267521 
77862 456243 391790 174717 104418 97522 169267 242960 191767 487966 
126849 57422 497629 78290 138417 279557 226686 447271 159716 45693 
256761 118896 379169 370087 431201 97970 382005 147225 96959 372970 
313425 456792 226399 476449 91058 236093 179079 326112 94741 378684 
305735 348520 446841 249288 327144 249570 409154 421315 488907 106942 
254316 122174 326577 5887 132453 333261 251929 80446 282900 349731 
153043 203404 200884 454435 491514 111476 88962 122900 338847 156732 
459739 202222 299130 429699 468942 274500 90168 51469 446009 264181 
397608 341875 383819 82929 71809 176495 194847 71235 66400 27189 
385980 477990 365414 114594 325038 137072 173813 346344 302434 405386 
406201 426920 268820 394407 72090 65564 416245 131798 36364 230077 
239503 281097 99427 211910 428658 261151 248366 473373 112023 353788 
310245 100577 210131 162425 407714 52597 83174 295185 72793 435419 
204029 155151 354038 401297 413974 68045 133586 238688 165799 396469 
337493 362847 290532 351745 168783 196171 354278 208274 399954 335900 
244102 35052 310588 123568 142528 496532 48861 293722 196335 289644 
344226 370308 314930 84946 139091 377656 324720 357676 109962 103365 
357132 14521 307098 163337 426394 229641 488681 377154 253226 466146 
148645 334060 152529 263891 214207 76352 58121 380526 185219 322162 
496401 261521 145218 229501 29450 285905 404069 167937 24064 48638 
372166 23253 419419 186304 453714 142476 338485 219460 34734 475341 
373342 482289 124176 389425 307674 485786 236483 106640 180980 28415 
56103 347473 144367 307569 234733 86646 274506 333871 415018 197086 
344638 22798 68555 393306 357972 495649 352693 244884 492577 331297 
187123 429312 413285 327158 439254 21638 232686 32113 127451 499106 
208849 98313 54765 340511 111022 11660 265971 124550 183752 36202 
333797 29522 252549 45142 63416 184816 263796 275673 87179 187161 
380089 234235 40886 490994 277799 17619 27806 214398 442663 368268 
217713 474794 451833 467793 10991 291306 168924 274968 222017 444865 
436094 228766 192912 213006 373240 25031 150114 156488 142021 312803 
89152 193792 59311 42416 330436 269518 365437 368811 188109 69494 
438493 11500 456880 350755 80747 394035 267319 468044 286445 397582 
169726 411330 121386 142932 387651 401617 34691 55783 356268 170519 
113000 312932 117395 483864 7598 146791 463942 179023 427668 199706 
412906 354983 41239 352457 235656 421035 445121 222644 232467 224832 
149232 205037 211507 290007 228553 485708 278983 32363 15485 441033 
466662 357014 186274 66057 336158 281244 88252 172792 147360 245526 
48774 323150 125613 319172 87535 424737 155698 447885 383923 69350 
166823 35432 203524 169020 414197 127279 154703 156637 65805 103373 
38618 499128 323934 107852 218790 38766 283824 440853 125940 302207 
113920 491569 401570 16139 122693 429161 401867 197555 335079 293212 
432214 460507 265812 8518 278792 126929 465173 417853 93484 36831 
292259 442606 258263 65652 421140 366595 294195 121831 459086 343954 
281886 488140 233689 223345 301490 140744 358197 474607 5009 367377 
73490 103848 59784 331990 165165 18553 247737 159843 415923 476543 
123990 38022 197415 48817 211292 26053 148186 68813 62141 107424 
482717 174894 350799 335045 93173 39646 321493 358695 338257 326230 
20389 439858 495623 153172 306335 348509 404358 126382 128381 468873 
206990 149683 148173 367800 101229 277244 168555 392025 40290 409865 
226261 294859 487187 315556 399736 489233 384050 179625 113308 399271 
451859 374415 357275 462748 326070 442527 36933 100494 440710 322338 
203801 197761 484698 57956 111674 205498 337903 223420 66809 141097 
430806 348151 398691 288455 466662 242324 465429 204276 494299 106565 
363559 355832 124487 471020 403921 395088 371476 405503 203667 79951 
123494 221820 64118 323031 451359 66823 404559 440427 78160 495617 
275947 68234 224464 121701 50255 441585 392728 400025 419660 176326 
131813 270564 32943 80144 320551 343031 451041 200984 497166 375013 
26056 238046 477544 370580 488461 327306 333278 374946 393119 329854 
187800 370058 297602 251050 169175 175202 18200 279481 482351 61490 
279795 170599 424421 292594 145736 259308 56351 232384 454403 125674 
170955 335028 168334 352932 217394 233096 296452 347384 203729 92190 
217381 391381 11300 28523 453000 228460 78940 340832 58741 277562 
340139 215071 85025 372443 188588 18825 243320 361322 460097 388721 
174572 153756 241644 157538 12490 173718 346279 291419 345726 287461 
210958 244105 90368 459837 400626 488091 145333 40143 51213 33114 
44537 103744 374678 16558 417453 71285 243263 198788 201604 184015 
125854 304393 177619 475881 349548 237486 95183 317550 279108 116268 
154601 153974 221128 207433 171677 51778 279530 13140 70269 162341 
103064 456395 271508 487028 456153 267175 155068 58864 102155 431264 
387608 218643 164743 5174 228054 168801 387346 48873 247658 416966 
132668 363562 196308 206904 356789 233116 284078 55698 185924 423936 
497187 52089 497763 22188 494549 241436 259682 385158 128392 33421 
176457 294896 381261 308353 115420 215431 275224 425007 438816 188484 
271807 389303 353625 233439 104673 279406 170004 316987 61696 462273 
242452 40739 413931 404607 428612 233535 181160 406485 341879 112956 
202664 393488 102476 324882 96417 492848 393497 259590 2505 162315 
157969 444536 253035 219503 322579 348658 182382 397290 78379 106564 
169555 482120 235755 373262 402013 296265 300746 23137 439969 163361 
263100 374571 458526 358403 48514 202721 334708 110034 301134 368950 
9332 86868 455534 347808 9004 481966 473722 213754 338350 172237 
322620 102459 189274 283452 375964 426642 245530 54193 465549 341548 
483411 160391 402996 474955 340997 61483 264708 333327 115309 415226 
145466 218839 44238 499751 210498 66925 88833 291802 478482 42571 
435612 313319 358780 129622 385929 258181 479269 237125 410661 50593 
211681 227128 116170 75105 314056 165975 186926 484013 306792 406219 
328006 306297 316013 420592 322469 383269 224846 333115 86968 26282 
15379 431676 380438 232324 384369 281334 409307 428401 231429 387189 
416790 243416 226057 204723 428875 429435 204276 382925 206284 18532 
304769 208389 203900 15291 223864 499292 391910 8410 83337 368472 
258145 214458 455715 94536 466071 283714 105509 324137 176571 98161 
407948 317257 146390 440333 207174 1043 43275 307408 486275 192187 
490592 259234 161472 326452 224963 268975 342309 263635 12177 309912 
398516 27651 135292 385756 43275 236737 6640 101027 224079 174457 
420630 277559 127347 418361 480976 322911 19565 487652 165938 428938 
309631 230618 45859 60544 194822 321695 237630 108644 449668 11667 
288630 126405 483562 27368 149796 79438 107116 155637 338649 410584 
458719 176056 471430 15158 169873 140487 127559 9818 384502 317399 
80639 342838 29519 237596 390926 25680 268304 430601 442812 45422 
167073 472607 330509 171404 151764 472041 84836 163852 98791 456626 
121523 357253 488299 462528 142067 179950 401372 437184 383138 418335 
235976 292929 481331 309515 322161 394300 466821 193454 249548 86043 
419025 76324 264586 98953 480511 154254 131789 275528 316933 468700 
85826 278747 208384 366873 683 450754 302262 109679 225970 461502 
402166 271056 432690 54351 129626 310708 63906 133432 357925 86622 
412953 41684 82156 221345 139708 157165 16355 368777 51921 53733 
431239 216475 396582 27078 353631 380830 322446 264793 268191 309158 
243745 321228 273738 101486 45128 440524 416274 222952 93663 109511 
442221 107473 319206 114657 184638 265502 340438 59304 432566 112846 
398709 336461 232401 155724 375263 59057 287735 271425 173410 269761 
132250 2316 324848 335933 67616 63254 467225 118618 367333 185554 
105756 296354 24011 410517 368878 325671 243539 169236 306867 69020 
478896 71000 259255 449763 309723 85472 281234 169761 256028 33286 
102787 248816 149004 18749 423466 379899 443513 7568 194109 361516 
320768 260636 420907 290575 466028 335160 485040 114063 111851 77986 
95056 65210 32015 239718 83180 360893 469860 7392 68005 493415 
131618 468619 287364 277639 117114 91056 460929 177400 83852 20269 
195266 45189 43900 492366 398482 401009 44539 253668 226719 466828 
45750 332101 332474 466687 332590 188135 186735 340548 209000 96573 
247773 184676 373175 185657 275548 133218 470773 276759 40969 294294 
447043 278954 353377 360505 308774 419136 63132 175794 484549 131246 
361833 118866 158291 190579 484882 424524 482717 317135 333309 315594 
427772 197325 204886 203621 241888 153911 435825 182427 352188 39896 
240369 45737 3463 25378 484547 258594 385183 459047 197294 345324 
150146 362294 342691 56597 400930 209208 421652 321588 222575 329865 
210395 24276 475748 456717 174313 367067 93090 165688 150170 468949 
494235 276200 492630 379403 411383 161197 148979 9873 494472 447258 
6922 48969 296650 427645 342673 244478 443139 290664 331634 274899 
57528 314794 444888 252905 451808 173131 404991 133041 203152 45462 
339110 334158 242931 442423 155456 243560 476356 452894 68668 238789 
25168 179549 97700 45009 160043 468061 350998 409403 140783 354309 
429371 443659 423635 201358 450730 246037 351741 376371 398631 79423 
10741 223318 350649 334526 29266 213121 386377 47032 356954 75609 
490275 321222 220304 310155 407650 93285 318692 93698 463181 59418 
360530 477999 436606 14540 496454 354866 244500 39842 80407 206979 
441285 336511 86661 456156 458762 120405 223944 411863 53626 414845 
51528 311274 325838 192506 289449 284615 446144 70129 216545 123706 
453758 143399 263417 130431 456469 468642 21709 398983 473244 264913 
192208 465719 237192 107518 180427 305054 71770 210215 176170 67437 
42598 72910 215361 92739 367270 304765 288434 76429 381341 60288 
310316 98863 324552 393106 310251 172860 322318 387363 371677 192520 
415148 272864 381045 367363 125403 474254 162492 64231 131718 455980 
104154 119055 135145 376648 480718 261098 461858 160837 30853 133026 
72235 116603 132920 170746 196563 201895 33019 178122 455379 296557 
305205 144246 474630 323040 452721 314910 462100 311889 172990 141855 
234445 283466 295718 307497 350478 413936 698 387142 210242 18960 
428234 113585 473407 404974 426379 248215 24534 280582 185300 125924 
496001 229077 172723 365357 203660 446640 319377 417425 230944 325478 
175595 176364 439027 82096 395938 275198 319082 353129 445006 252097 
218274 449349 373574 231076 362333 104989 448374 314922 324121 499120 
111836 265190 98453 242713 279885 180198 78105 150533 163181 79598 
138970 374666 345736 32840 167812 185965 234802 481518 179202 229131 
278539 471264 189143 229881 375468 361588 82528 97300 401173 143446 
22765 190496 25366 445087 470558 459533 445102 77469 202285 452324 
200857 43767 317341 97274 344149 310087 202491 322163 163887 26418 
161117 318917 139028 266646 307783 61867 381813 145998 388532 326982 
6993 397684 170013 100473 404870 28432 483379 134355 203090 241269 
405523 376924 227930 73588 260822 96243 112041 464693 248942 379497 
377881 247158 362482 311071 28742 260669 146084 323052 194615 473687 
284111 235879 201322 358511 466334 187807 338993 397690 18263 479906 
443336 68337 228398 191971 27393 238092 333443 180495 198190 342578 
160747 55089 295565 229849 110 134029 65920 166852 395900 336564 
386262 234861 41155 308385 277198 367588 23673 282217 96836 200887 
334953 258788 362754 495279 302042 300592 125404 214950 61862 58204 
201772 162833 212891 429193 61532 423397 21498 272550 284290 239605 
433005 439412 461736 74241 399526 482241 402022 176618 77987 334663 
37910 322032 123620 151371 180331 430591 171154 312749 26145 412712 
247887 491801 220896 273280 259104 466997 311779 210311 102737 142461 
174022 487486 42156 29789 309388 233829 189280 204350 200555 484653 
94952 356890 409387 284841 136316 457298 350140 12712 335189 484230 
242980 112155 53868 442103 195 381576 326677 253825 487967 276901 
145212 414050 260526 88028 446460 278146 447541 158526 115729 145485 
112808 456542 129279 59149 100676 492845 359953 51316 431544 423925 
286319 213517 97048 132909 85369 28688 21452 17813 411438 21612 
355015 171412 99989 76811 193890 460360 352281 58454 132676 225382 
374057 475505 253997 398641 485018 115505 446655 232829 64198 426032 
165345 197226 164352 176324 91422 53712 24897 411105 251670 207673 
396378 221235 145520 131528 352869 423436 263116 156910 369253 75283 
171956 420389 478651 363743 256394 187166 6321 42621 442818 333157 
389508 42265 498087 399008 342929 222310 470359 481738 169700 123771 
306627 120558 95121 250513 218640 239339 310998 297583 126519 360180 
322218 490227 440681 457964 113245 319872 278657 251846 356362 323401 
291619 119699 405851 386374 437932 449416 105398 438705 15552 380987 
23173 300335 5569 475746 283228 200228 320447 422139 497589 449067 
200353 383132 396120 493439 403133 363424 53126 91976 333757 123667 
192600 472884 332242 51666 479223 101396 196748 74851 265804 311634 
246651 174406 317896 114744 147762 6656 464424 387170 337045 422015 
264839 42917 162548 420602 3016 290582 113739 288766 65589 353523 
465384 68696 276243 151181 428651 137691 367943 79605 389645 356817 
346418 312320 177788 19913 68478 138013 28736 79740 248139 235757 
41029 293561 384709 368005 25125 261420 327014 419303 441747 152410 
207524 359942 368526 218208 296672 410200 88792 461587 442606 488311 
134255 163999 472159 188341 449941 397039 370332 406199 5356 402998 
146286 46944 363985 442419 255420 112640 353244 191152 376020 341528 
405926 169861 474713 469145 287085 47876 377762 266308 62042 366482 
354417 275730 133050 336957 321516 287702 92669 144176 461174 216017 
148490 153493 333323 256907 279474 339737 4935 446997 159020 30954 
264079 123165 142088 113252 409638 360749 109864 172860 153087 184175 
170018 145232 441245 275196 362183 472390 413907 162453 335489 319276 
13777 135377 180525 281293 374894 101021 387433 413053 22271 136038 
124022 259755 88052 293976 402101 458565 380328 393025 44541 353534 
497384 453910 177833 71783 120080 372025 27211 375326 257107 492291 
189554 243505 15584 461846 121946 75134 356410 385674 316052 72726 
265512 168447 125068 316344 496572 145951 309075 255382 402644 487362 
15617 190132 220274 152921 362026 355533 57944 244957 299468 438211 
467166 152935 243013 212286 326226 369927 438226 179118 449256 238860 
53025 90711 349879 227386 246694 493781 469806 18293 26119 193418 
293749 300500 109289 130735 418905 294422 452007 239711 301695 177142 
282640 304337 144135 206383 449904 408025 173981 383548 264000 323785 
496319 267069 46644 140546 6631 377062 197973 113563 150145 37964 
336138 124186 490879 124659 466221 149127 160326 414766 411569 113959 
314202 14451 217730 463749 28236 74484 234520 207310 443987 379638 
362304 386339 389852 116265 211061 184535 36189 122347 43213 421972 
486004 122717 196724 463757 77296 226916 394949 1521 284809 187563 
150797 297526 77671 66923 127003 220500 144604 271993 277148 78902 
322117 65941 345363 57856 174624 182425 367209 473561 364193 166465 
4446 317999 381477 391950 335733 122059 154238 149734 167793 3803 
192787 468732 90377 351423 308864 7442 128574 153102 464582 3339 
338017 145373 370794 172200 452067 406665 487299 202573 273828 167538 
230710 222468 392200 78956 8090 106973 434493 484311 190736 19769 
61480 177969 39682 34141 201473 282704 340448 33158 314114 202997 
39955 429590 407600 286928 18362 65954 134006 408195 292396 113447 
375063 109033 397883 284561 393126 388110 96080 340783 462841 252223 
306905 226688 331713 375468 152770 216278 118 163505 405535 360795 
242414 446028 285046 452165 210223 316543 143457 454176 151107 61769 
202655 486810 10341 481793 259156 150593 350372 376674 409812 380675 
486398 183269 30226 304932 447283 226019 323293 417986 144303 60780 
233023 24379 476216 27008 200294 102286 450734 85813 490685 198890 
11885 171798 447801 232691 45291 445440 246353 135667 269569 113812 
410803 414456 139179 45355 289386 492286 327050 14405 349489 376629 
30469 331388 58340 439517 126199 88162 214010 180550 423516 461691 
490967 368477 499524 209949 290214 422789 243410 241794 37002 138157 
174371 443302 220667 31027 106273 418063 64710 301425 112528 188511 
17220 104509 396986 359566 30312 72746 492008 339723 392470 21583 
385522 492482 55299 90092 439348 97844 140549 177991 107802 124004 
486910 259240 118012 86202 480831 428663 10361 24557 21890 367546 
378624 471436 10387 135973 290196 58351 248560 196831 105640 324998 
480923 306374 260071 334352 19556 365846 484520 292752 262853 334444 
170552 325859 84319 222407 480312 486678 153393 280752 266003 109631 
237534 205301 189375 121306 142772 764 30107 198506 312359 411846 
39016 56124 64687 57284 251862 422130 431285 428146 410549 157502 
46678 342912 405545 228117 466469 479119 285182 345352 437342 350965 
68187 346624 217550 99933 207822 149657 772 257169 133047 36553 
476917 478649 33659 190951 280935 283895 90430 391218 342234 451592 
278035 485676 281551 389936 157210 201499 190225 479105 101214 212817 
159555 139808 178067 2663 53656 420567 487340 430592 383811 353791 
448464 468731 468108 119282 133523 110998 459880 215038 212080 221592 
71695 203828 2106 215986 288168 152667 285523 143159 267535 82451 
449399 88515 452033 279761 9491 372318 473485 340820 267280 364201 
260264 369303 8294 323484 384914 311543 185519 80987 158442 169701 
338712 449767 173975 86254 102530 453363 398669 128948 244459 50790 
174992 435475 330803 325618 225808 114045 162602 56847 331688 235219 
218239 168721 289838 184333 116374 138103 84971 106936 110917 35790 
420535 293329 460872 291919 300617 401794 161017 11752 250215 79551 
404254 472809 187474 436868 45106 453718 306071 374319 479304 424812 
295606 48573 448512 84659 216559 13130 472529 366485 170588 36434 
443938 225599 420661 51963 137676 134223 417472 393641 54949 57835 
187262 470639 291376 101411 422569 67814 121863 399797 276252 185878 
93746 299106 378580 243522 306480 200507 478587 176695 213740 158267 
467316 226381 23054 37102 404775 355314 476826 61782 367642 211814 
273365 126717 293442 211767 257387 125333 382912 174674 299677 83500 
479998 121576 186603 291536 175760 448340 213839 154148 359302 104224 
275526 487701 330751 22792 272035 456216 28166 315650 249182 39727 
393498 97374 490781 180754 20897 81230 21718 226018 335249 477227 
406371 369679 358967 391881 102738 196432 357692 199806 289217 299810 
467949 302944 432768 119737 83343 78614 178580 213657 442142 116148 
406839 315765 321281 32468 57844 23619 416336 214212 46318 162279 
414490 434270 86526 79577 466469 109214 167763 496090 284109 440853 
245044 298977 2852 284614 84384 376763 13897 83182 136635 402222 
94754 56395 55753 174494 433269 126998 55834 486755 162559 111209 
440152 201835 170349 53335 39580 440763 131758 456645 278321 455559 
100614 127425 411834 215576 59924 356513 251588 226595 483386 457917 
345799 204661 181206 137335 252846 444315 433089 493660 60166 25207 
56943 253144 76042 109970 468567 477276 266793 131442 28848 202721 
61212 81658 353895 232504 69937 373393 230260 346181 382062 27597 
212775 146522 52349 127908 267941 166713 427977 212242 105493 409371 
143266 304007 486428 408043 22972 282675 239554 101764 478927 328132 
121845 284866 415527 113457 44299 131976 415977 195947 198568 283125 
171726 77714 331262 278808 287471 272132 158287 111852 473899 96832 
207236 404087 498183 195690 384613 334051 374410 268943 31462 148363 
492913 125278 435631 228512 63084 444838 140428 27007 462753 294831 
83786 297138 154119 194905 183161 374403 134945 177225 69325 103961 
131960 323272 468723 252969 225946 165925 175285 372624 386354 404296 
498090 321910 15490 93719 467 111208 404419 31219 336225 164364 
149064 241310 88889 124388 132517 192206 163763 83940 368216 188511 
121871 239956 321137 52068 240416 284723 473823 465487 264271 9372 
15722 325185 452307 121827 164708 70852 396944 439858 306014 217417 
114555 434945 467558 451525 168922 107508 4463 372059 260732 85636 
95998 166030 175888 371696 93237 205008 272286 463047 436982 183304 
472776 318109 299653 22417 384696 97049 313347 350915 161633 343174 
482172 439383 129331 377217 59001 357894 461993 289225 438747 256526 
339592 139813 19870 400649 169131 327834 318874 453308 158636 43475 
291616 147927 263547 168751 70611 92884 365528 313824 29094 199397 
495614 207227 321225 226124 244844 146596 108189 219319 412985 23707 
173873 388871 405253 427682 33221 483470 325044 387493 212883 11480 
15138 159765 417434 397900 5426 346126 797 176347 151595 275723 
367591 351054 163394 287260 289626 474280 496381 282338 157923 295911 
199173 227865 277834 438012 311972 93891 136313 131599 61179 388031 
379956 256651 283069 174594 361761 38741 339590 28565 430016 120946 
413386 72238 173168 249808 460686 9945 45783 331992 467115 26661 
73086 280672 194719 257589 298264 398701 107818 442701 169108 19389 
210907 366126 144434 116245 493625 184261 226502 217802 429030 418703 
376547 357733 91692 322172 295857 261112 152722 212098 293144 225827 
82642 20447 299757 99304 429736 342329 428790 367287 28585 142952 
336492 330038 402838 284958 125786 28541 166562 270087 71040 70597 
100590 171228 185559 363590 390338 491314 381342 419766 258428 51852 
631 433019 396559 480069 472444 296812 48175 314914 291844 143565 
195919 308831 299140 448517 460706 451679 336739 70860 295436 346308 
472079 378535 492204 221878 292477 434390 206075 425985 183475 393356 
425970 80544 96079 493806 397880 399933 397087 39522 231115 56937 
78949 36239 310407 470380 258416 131507 361250 52249 184318 359442 
390816 462142 383273 437407 198504 25147 407141 37852 342724 171134 
385788 36968 398462 735 465156 437054 323211 387727 358913 410071 
298192 10776 277121 348720 44227 320827 254662 154589 256130 33195 
233731 466048 404444 253842 45136 423473 114439 294958 73867 180839 
84507 124098 63155 71374 422265 269425 7849 305223 380003 167152 
31727 78033 183141 201226 405297 435766 215288 334391 490688 273360 
350386 140520 241883 370458 426495 162605 351169 117175 299305 72899 
297049 84385 365866 18703 64832 190431 259314 41659 315549 148574 
183352 457396 231920 489139 116787 425968 85534 446868 393901 13691 
331439 268232 156515 452504 252722 385860 31157 115717 261181 165838 
167019 400695 146692 175550 298579 427388 497023 267490 454374 72608 
271203 165923 264945 66877 64514 152814 230379 285511 423732 469540 
278361 344659 312627 55331 6678 498351 258175 438671 245980 191411 
85166 153876 486752 463070 46289 477206 496282 375143 459086 207730 
55482 263971 41075 118295 34288 100285 155307 323651 380560 172054 
25133 422669 216288 304383 20984 222076 137557 121914 324618 227106 
71205 346593 448223 78520 31755 412890 425972 50442 150255 161714 
486510 68720 457118 121193 341637 52620 181190 324209 80495 273294 
175728 192560 148044 415048 362404 355011 182672 342788 451698 193730 
297210 467843 12441 166913 444418 13480 412834 292724 10209 229802 
186129 285953 360906 67266 167283 495325 156826 195275 358417 333259 
124063 12853 469332 341462 90668 13978 181232 229313 68699 205876 
279480 307954 459948 35694 138818 26604 149076 447159 496897 325430 
360694 346364 411758 316672 155115 218113 247538 232254 482188 325261 
190953 253422 102825 142176 306817 135224 417910 340665 239759 246039 
10898 309838 100518 116470 40629 55481 89317 491389 379472 94329 
481449 217374 181207 134069 90593 366606 274051 298378 353556 169430 
185721 399766 445566 67084 93038 378525 463659 91142 53703 92474 
256259 129258 350702 360249 256878 436317 208619 76267 380515 19952 
224334 432908 227394 58121 96657 39382 168761 245308 370447 200844 
167135 424041 97650 363692 149326 270912 236669 200387 334284 413886 
244679 234680 448663 481447 348069 494011 357861 62319 16341 263397 
68075 456099 357395 210950 190335 433180 245774 360153 441531 318173 
345102 339450 397031 360381 341907 328313 278619 482685 41810 114866 
275033 270533 398437 499395 37317 392081 278667 235467 13170 369174 
414339 211715 450512 326602 421210 52358 288150 403256 396844 21692 
292044 31926 331028 455676 403106 342122 211339 23621 58672 57867 
110883 381254 321519 213175 370259 450903 331429 454441 417063 349127 
59996 39277 365765 45573 481586 289726 262669 105827 406335 492529 
360242 469542 225972 164063 201571 227599 417289 165834 191443 380465 
233250 373228 81401 408016 380163 292503 149977 344338 297724 93681 
246500 371561 498874 398136 433980 190158 9077 191585 239048 303293 
22358 259237 365491 165348 231826 147076 213959 352405 48612 389694 
81573 316900 231375 286838 375762 455751 497690 323347 392632 230658 
15369 116687 128346 284937 298217 278087 204431 195379 208655 396848 
155773 260102 266721 426676 189157 52850 426543 384211 11306 458735 
231267 437815 220234 451981 297230 48034 366040 72820 466565 268167 
18225 362523 410974 304194 438273 246663 144547 277879 22211 109694 
383100 78336 226283 129869 407795 488041 147432 301444 101577 271195 
180299 79722 367747 332843 7012 406014 185122 297676 166997 335287 
372294 241024 448284 114882 331186 74386 46792 104254 440808 318039 
191482 469014 52189 448734 49204 25824 489656 366305 378282 412550 
50346 424428 230148 15768 464483 459800 492367 428366 4090 436052 
438944 438633 442261 415238 97665 177082 434213 90842 385619 183931 
259142 179235 1537 24412 40160 292953 472778 283741 390407 420877 
285373 241073 182237 347131 208814 122050 317055 47973 188106 369761 
119411 139448 86121 136326 232234 48263 397240 220730 375132 115616 
128523 300976 376164 395791 56767 266580 246544 178568 82471 258936 
14762 78324 203364 58726 457538 240924 494505 482746 421696 467391 
93507 354510 292183 292068 481550 496958 458827 52206 435073 390314 
125720 377381 173342 324103 399245 274613 169058 437805 217103 61063 
186070 395988 287727 414853 78858 420884 143123 482178 49762 171349 
369699 145289 105130 27559 319641 183136 346871 427707 473666 205502 
364325 454023 95577 14310 140796 130574 347947 19078 302814 322841 
158596 66337 222259 213579 271812 166600 381081 211602 490871 425345 
440203 25145 7975 299644 187207 402265 221061 422498 149926 3264 
260591 351656 6345 416529 350026 475854 337877 360635 324787 441215 
471381 249254 103917 254328 32081 198537 135875 486397 158692 329132 
118988 435224 466277 102519 134928 62969 139967 187127 373040 122574 
101842 109789 369015 75895 229344 393563 278987 446580 377657 121853 
85538 82345 1732 303646 211339 90897 317293 20061 446267 293783 
371025 113298 355236 103605 461790 226088 256097 215686 187425 234255 
50106 229238 228499 288989 98967 312501 478617 55315 378039 473172 
427719 218436 197565 392870 399725 323781 444301 299003 118224 326761 
77404 341211 337189 323874 147740 215721 240187 326093 343045 469013 
217786 13119 166650 70830 94765 36939 429138 383324 449439 187149 
404833 294643 138281 302555 363124 186389 144551 386823 376978 294209 
51380 455782 169740 373943 197041 302684 96363 474417 167996 384803 
118024 334418 162776 258332 441706 194017 286560 37425 236298 125484 
401275 151731 199629 327125 333809 338238 403552 380782 31450 256451 
323932 204725 313915 344871 17870 41435 67308 438429 17657 281558 
210536 25737 39444 299526 294374 156659 450747 461968 336319 301534 
283682 14617 458368 23471 494602 184795 209022 103283 287771 319138 
323590 466676 128544 24255 103874 497352 20487 446901 147604 202131 
462854 209755 305547 147572 376319 233981 160433 309788 327308 70182 
63381 167024 367863 474699 382963 425760 167100 44041 467079 476932 
346692 87743 383734 59605 475111 63561 1505 48709 487293 420884 
358500 187591 379668 74436 215506 201550 113705 472221 281527 188696 
272914 185605 390243 294772 451672 99016 135049 211056 284804 483216 
68273 349276 486948 214758 120104 465542 200395 113584 378350 36249 
340252 81422 245541 180230 226102 423366 88842 181926 131259 416734 
484130 33924 73662 348685 25542 358067 227030 100183 123169 24695 
361979 152949 375124 77865 230384 111925 194328 20068 240037 446697 
186047 361740 408349 227324 301193 313772 144706 498563 218023 29227 
467360 186672 340768 256752 402020 427230 440330 450316 421233 80741 
278340 181276 238932 191166 134390 150509 103937 470855 142163 221467 
1192 364 224655 405785 207078 77916 111320 444889 355212 256284 
319115 442405 164272 304757 175915 452396 359134 48786 272370 84544 
433640 213105 325817 169614 478074 441915 459364 35982 436454 82208 
81453 170722 27738 345051 455912 14698 384426 414690 290056 484991 
17878 345928 381411 68647 283825 178584 274288 177491 436237 465227 
473778 329173 472271 365333 88288 44600 63081 72718 149821 374860 
92978 303692 385631 476629 164087 181741 257770 322667 130354 338445 
341360 218037 428991 381776 368652 222790 473564 321019 471399 363443 
441507 388976 88944 374391 63032 212164 202884 398880 493252 238160 
388933 291435 318879 147279 429578 200629 392269 242347 202526 190038 
304561 298420 9074 115623 294997 303313 334224 61748 6710 115865 
139089 304259 52705 23102 465362 170647 298646 133572 108715 302202 
493924 269577 486666 243178 392440 128765 481444 240310 121391 30678 
226600 182525 406074 80203 278182 171373 287529 98643 256408 481837 
473212 343353 418001 224740 11193 257251 70189 89285 490158 255032 
467435 281956 422234 269169 392427 423994 185034 199987 478183 302850 
366046 246004 397867 200372 360246 128760 410737 362342 281893 184828 
412822 436224 18159 27293 193107 220177 99597 260231 306767 141715 
440424 297678 335321 173921 397698 403092 256804 36123 333096 267969 
320677 430044 469351 10727 312976 109398 329867 467695 149441 293129 
211551 315703 446082 323066 314465 449034 298355 379934 350238 180735 
81828 212837 368809 290115 287169 437977 292675 274814 401545 208817 
141689 384906 70076 24210 338207 406845 349391 120750 408029 2459 
499122 430222 110545 263769 396581 146826 178760 461067 420100 224471 
349491 235037 3106 253617 354616 408537 382643 142069 76793 299931 
90046 234217 365555 183274 332994 451788 304118 476278 159290 194852 
207137 51472 438726 332690 382766 95561 139885 438234 401716 340752 
474068 353501 470837 89692 428391 327491 292576 241066 295108 457826 
335858 148260 96724 219106 158925 25269 379342 472564 126246 418869 
358343 449946 218965 83500 107966 89801 334650 96572 3252 342006 
45915 153173 235199 162261 341218 437065 74626 194030 354930 86860 
299494 397345 52893 67855 411950 39211 470445 368080 400609 87707 
358841 438214 336203 480163 280107 452594 486754 365377 371174 383088 
63032 302443 154524 469000 326756 397899 464098 491328 61020 65162 
232058 416109 57150 198391 310555 65273 192593 64253 315787 378261 
73457 362860 234397 131170 1434 122223 123035 199782 107642 305728 
391721 418642 295192 92478 412305 305884 396237 328343 434656 453510 
484103 170335 325266 353957 243908 345439 73189 112094 330558 468325 
287699 155329 180368 369691 417273 120980 174811 329612 444572 106454 
353853 223178 458196 310126 72576 198886 272798 383899 244122 179162 
70882 8638 212215 319006 401846 492779 180211 164870 419204 38703 
43600 220971 113675 66358 375336 190077 401788 41317 323220 123095 
324624 295918 363808 249306 403328 204578 480292 41538 481556 413888 
295274 265127 314016 95985 441530 334671 389412 324883 4009 83319 
220012 131597 67965 129647 158963 85327 20745 95241 328463 464480 
485760 298930 12626 400516 446363 19281 336242 116508 78585 384166 
305791 165728 389277 495595 338360 442675 127302 440169 184045 160344 
32500 177230 266896 101198 339977 275604 134380 452851 398117 203883 
258307 284581 131917 228809 12187 451206 12464 296431 70285 167446 
274439 362245 88816 199302 498700 292793 135631 242574 93184 442049 
50526 495835 296763 489911 124236 209456 482058 327611 435832 150397 
345011 109601 479349 403939 434534 124372 231168 214353 459506 103942 
236016 50189 141499 217406 301410 148210 53009 402789 77832 164646 
32529 83618 319204 326495 443716 86136 138742 163490 418663 52001 
488608 275042 365267 494029 411516 61469 139639 354952 112672 284239 
296420 97898 46779 66283 247622 180803 102216 60526 444228 367253 
265075 93702 79591 339991 434269 387625 231909 93162 449594 426497 
157271 485163 300724 20701 41990 446079 267607 467070 492161 175124 
225197 415140 452679 313470 267406 62736 208267 51199 118686 81583 
443950 173663 398008 95690 161884 153456 114553 391425 376821 187401 
463023 380462 240661 45059 104812 163622 14380 285832 498542 481101 
52642 194904 378346 455975 201032 131529 348951 7303 110097 233437 
266966 300310 499308 215472 11432 163485 413393 149714 206192 470406 
155071 178679 18557 246500 119756 259695 237205 265534 199610 472578 
33901 90852 190718 368989 68441 326175 226722 151022 241542 70320 
175233 384599 226837 344751 429651 113355 199220 295078 377500 354671 
204977 117626 336832 144716 200715 424549 412748 436011 91674 252324 
53496 252036 323384 322835 237367 386694 263245 327634 386285 103958 
259888 418957 401010 60693 164128 408939 459459 105370 431829 27342 
441660 222841 208785 141570 469511 136094 105449 491040 127123 215191 
367435 290554 463217 72839 155804 31673 117269 84410 165514 57225 
401680 37644 16726 290278 29217 112089 356491 291867 418389 16802 
426627 82301 133082 82453 320421 101017 275005 237630 80117 415711 
179439 39922 134261 101952 291933 57502 8969 319787 285255 229218 
399825 261951 281372 322263 376839 395196 30588 374662 282820 499812 
350795 112428 321292 186091 485768 61018 166762 367627 405075 498963 
210094 448817 283338 142339 409699 297622 34187 9729 207262 433761 
243074 492540 68395 322323 154362 112494 219883 77833 362746 407681 
138302 351522 224079 22169 106651 347735 461162 390051 175004 173291 
323428 219351 291043 155084 234453 202386 270478 207173 120497 268661 
328618 61969 307048 251762 39928 76367 437045 414313 426689 44200 
228789 438632 452976 307993 368869 383800 59306 239370 92728 425415 
182586 447111 174652 84513 248929 417463 499734 431482 89312 462753 
338490 35079 48460 488127 363216 104737 99156 231202 35506 380311 
353039 487899 118134 12592 142802 381819 424774 423899 349440 377964 
91785 221355 431607 178063 294518 338702 92648 302709 263556 481804 
355403 183645 434525 367216 89202 366385 485160 326995 145513 420075 
22676 351815 101344 189399 443540 155169 477307 194815 88714 245045 
240777 412365 476417 276873 134957 187007 253986 191239 146843 111198 
99296 384843 14834 168711 321392 316703 90783 56996 14339 394063 
197543 395427 180337 400245 152836 44150 120806 452912 219274 463735 
259620 243396 463470 51674 428408 28366 471827 399099 125912 397679 
339282 240002 179868 457895 15617 471137 88233 302817 452574 249991 
378514 28438 427632 390692 157478 430196 453132 481755 182324 119970 
17708 84003 481253 394555 262063 167298 153458 269572 20876 325018 
189908 139596 121890 368380 411754 477397 202903 300938 232455 476589 
48368 469406 208323 161987 368857 346383 192539 333190 81109 93334 
439796 76952 282853 101162 71621 71283 408979 288011 18112 465089 
11296 169274 117086 242941 309603 208808 329869 390814 475879 253777 
228620 143159 297210 341522 34982 170985 305286 292355 204933 180187 
83802 352455 184982 321234 259470 294903 588 285986 450147 236256 
140967 376801 218830 264276 1250 491866 388645 294386 97037 187839 
330310 257048 474942 306146 45252 477953 335695 252569 117635 414069 
184935 23082 368932 101656 7174 346800 327765 183946 429574 435212 
484831 121806 456981 284916 298858 447291 381881 151702 69974 97353 
16966 146861 348386 153856 309242 344281 451596 204373 166890 361996 
12369 375480 297856 138060 116676 497249 313945 44589 258040 459822 
318238 489658 104175 335387 385282 325274 79421 442835 168857 308935 
64194 109570 253684 328422 481590 47464 234002 31095 360108 47573 
334242 434127 398603 413972 106544 373547 179555 222448 281086 349988 
472062 425524 361845 181365 396102 155959 15748 14436 272047 67381 
345236 225645 489090 125929 79571 133486 301095 193992 314896 425267 
46702 323566 235254 383742 430695 254848 415747 393229 310094 426876 
112772 148572 54807 95077 36531 397731 248765 181657 68951 235167 
388335 475788 120078 442243 495743 201311 81207 383686 103948 183279 
197826 311563 278075 92171 494429 58428 236738 422513 300688 351766 
9137 487239 462310 452903 410493 56023 253959 371261 98381 167883 
181286 225351 254312 328352 484651 247284 67466 950 457187 129192 
488053 368960 399105 221172 220288 408448 224271 75254 37851 470066 
129053 471375 29321 204392 131888 296295 354260 276222 202931 348996 
261205 1655 489949 149432 304176 306554 281561 200680 215106 144692 
14208 112857 446559 302395 336735 297954 325315 442008 78191 26288 
216614 365966 328840 65811 368818 78284 129935 213967 256584 487200 
374381 119021 94346 52367 344824 999 314332 130469 194570 362696 
312087 70599 471610 438575 148367 120519 373255 293585 273000 257680 
125198 91849 320994 225930 360427 197837 428511 271218 166688 71279 
23586 39461 200229 395931 435961 130119 148798 415180 46272 153683 
446278 74240 61039 377896 339932 377826 133645 176441 469517 125955 
46314 443719 359872 67873 71373 268407 206501 188797 130732 321449 
94403 462281 338158 233492 390692 436515 45483 201187 496091 486447 
290431 237587 347362 189902 127915 157653 16993 370665 369163 56704 
495413 318460 212810 183511 52718 366090 349950 357508 424015 476151 
401759 237120 69846 200827 303635 46278 90890 147363 56290 260204 
374730 405813 106866 337486 170160 369507 73233 282335 484311 273000 
184702 50461 237448 137818 189864 174660 326951 268458 304966 464613 
319130 160859 169435 456594 206852 251244 241315 211518 395207 429173 
443751 55565 211902 443073 316239 14568 349695 158554 143095 144426 
298534 136591 94489 44030 67268 15143 433568 77278 291428 495625 
191969 229188 25739 356467 187143 100636 489699 255122 183944 255592 
125987 156032 193353 492837 241758 9948 6246 267944 196216 489490 
270153 334867 358303 75685 40892 147813 460248 284041 206599 111891 
209001 76444 450205 309946 132018 78601 57270 75669 643 463086 
97389 27121 143298 92421 67342 457087 486488 129641 492020 4175 
304474 204549 293340 323073 234468 125044 169980 280016 369070 34831 
478077 379659 466127 347378 350139 356918 412873 48058 473094 442519 
183204 343151 185089 360509 122428 284106 393022 52825 248975 251582 
343755 419597 260323 182575 154552 364505 389633 31592 347090 433355 
29627 109865 2599 147761 355278 279766 220399 326394 409545 342573 
134539 417986 259600 305009 1126 435439 130265 492376 185129 268193 
31695 236259 124728 218650 424937 392566 141822 264621 321315 174188 
63191 306555 7385 142648 354265 28578 374665 445797 389087 146521 
29250 241077 241030 308676 60251 427173 201732 84748 448292 470183 
231638 52213 486422 330468 432107 455352 112147 316442 155064 104839 
151094 39444 272477 343532 295352 465822 4772 476141 135482 122093 
276996 498337 354500 217698 95795 249676 197397 313700 125157 239198 
445427 211033 69454 38146 80072 407549 268140 233843 428730 124779 
89965 390149 324972 437270 294483 201271 183010 281791 272991 341121 
121788 79044 118760 485684 217741 253957 66920 483542 404409 375786 
357959 246717 78191 361717 84869 51306 247292 434162 215878 15959 
361983 173683 442566 415763 478868 374502 462415 230678 65820 152372 
468170 106858 142019 182728 485882 83821 67489 439881 32873 157407 
476201 399041 18196 197580 143338 486975 330927 253940 412269 435245 
409271 484630 366142 130549 190065 165360 32110 444206 210062 272993 
255777 334209 446165 475386 338846 408721 278175 330652 115510 207622 
22422 310461 242931 101082 309401 156108 57435 72060 263705 284802 
395876 274178 486028 457421 478712 167409 476462 462101 479267 1861 
497776 233731 276414 190435 492423 128641 55917 11131 75878 483936 
278697 80147 290172 80509 168848 377601 410760 274722 390782 282798 
238042 287064 204995 374453 136240 20243 314599 307512 143791 18320 
440205 442873 111261 421606 473707 164550 160988 381945 438394 136447 
214049 36301 1099 74327 62087 149463 492101 355445 256671 483284 
106861 342696 222939 217752 339792 391751 276758 212804 492668 29934 
1833 195488 269528 77995 322505 238770 229068 331767 471795 472372 
73928 92986 136358 375400 365917 182980 444004 215067 229598 380565 
273674 464501 158932 281255 497520 415964 227668 405002 354210 91699 
242449 29751 178479 384087 392748 371393 244072 362374 168658 344881 
381443 94898 430182 247915 25099 229898 278764 126008 292723 5445 
142280 120711 440977 446815 60655 459918 55491 381313 285347 320894 
331496 480787 123054 274922 384635 138891 492284 174619 198575 227040 
157074 51250 267744 445335 223633 96530 30486 242078 56637 215839 
90449 30143 371293 323102 403963 253397 101094 191920 19452 328907 
47827 48231 183564 124696 488574 380595 199201 425440 106779 435102 
68270 414400 77188 111073 309817 491854 228481 362839 465270 89365 
9351 139322 208179 190048 207018 443696 68295 109410 138157 24659 
361119 183355 273305 388083 350401 181563 271504 51938 197543 465162 
107949 172059 346087 395268 296198 331518 60081 139076 108477 32650 
492105 256770 124137 113969 348648 133701 476153 5613 378282 153409 
499421 113540 17247 5420 16185 264677 6213 77259 492762 35670 
484869 396932 34852 154562 359881 106741 362837 469319 353966 117652 
256090 19039 114452 384849 459087 266707 90908 107350 248245 265198 
38061 198785 356819 368846 210576 18343 204895 474275 1762 20587 
437688 291006 490219 332126 486449 203846 67606 350574 416111 474374 
208671 423101 234394 57170 345588 245655 209452 165142 261749 395950 
139718 167897 101243 434806 61260 1061 322967 431244 44877 466982 
483001 307296 57131 482310 26368 91044 499900 253984 140820 85112 
283064 218204 176104 194278 287486 34775 59005 259308 207524 31732 
294832 491793 192853 435391 311676 273266 218046 196605 348097 145614 
17369 330170 243677 499570 198436 131954 270531 438989 446641 12833 
38709 134200 425688 285214 251270 134408 44593 434952 356209 451970 
424723 225885 163432 210452 81041 303452 102790 428803 179593 310763 
66483 213694 489059 369801 152039 348680 444901 102302 71705 146473 
82414 384515 410022 284142 243992 227423 448152 320955 5436 
